/* XPM */
static char *frwd[] = {
/* columns rows colors chars-per-pixel */
"32 32 2 1",
"  c #000000",
"1 c None",
/* pixels */
"11111111111111111111111111111111",
"11111111111111111111111111111111",
"11111111111111111111111111111111",
"11111111111111111111111111111111",
"11111111111111111111111111111111",
"11111111111111111111111111111111",
"11111111111111111111111111111111",
"11111111111111111111111111111111",
"11111111111111111111111111111111",
"11111111111111111111111111111111",
"111  1111111111  111111111   111",
"111    11111111    1111111   111",
"111      111111      11111   111",
"111        1111       1111   111",
"111          11         11   111",
"111                          111",
"111                          111",
"111          11         11   111",
"111        1111       1111   111",
"111      111111      11111   111",
"111    11111111    1111111   111",
"111  1111111111  111111111   111",
"11111111111111111111111111111111",
"11111111111111111111111111111111",
"11111111111111111111111111111111",
"11111111111111111111111111111111",
"11111111111111111111111111111111",
"11111111111111111111111111111111",
"11111111111111111111111111111111",
"11111111111111111111111111111111",
"11111111111111111111111111111111",
"11111111111111111111111111111111"
};
